------------------
Zero configuration
------------------
('move', [0, 0, 0, 0, 0, 0.019999999999999997])

('The joint values are', [0.0, 0.0, 0.0, 0.0, 0.0, 0.233])

('The joint velocities are', [0.0, 0.0, -0.0, -0.0, -0.0, -29.767])

Simulation Joint Positions = 
[[   0.       0.       0.   ]
 [   0.       0.      76.2  ]
 [   0.       0.     222.25 ]
 [ 187.325   -0.     222.25 ]
 [ 221.325   -0.     222.25 ]
 [ 255.325   -0.     222.25 ]]
Predicted Joint Positions = 
[[   0.       0.       0.   ]
 [   0.       0.      76.2  ]
 [   0.       0.     222.25 ]
 [ 187.325    0.     222.25 ]
 [ 221.325    0.     222.25 ]
 [ 255.325    0.     222.25 ]]
Simulation T0e =
[[   0.      -0.       1.     255.325]
 [   0.      -1.      -0.      -0.   ]
 [   1.       0.      -0.     222.25 ]
 [   0.       0.       0.       1.   ]]
Predicted =
[[  -0.      -0.       1.     255.325]
 [  -0.      -1.      -0.      -0.   ]
 [   1.      -0.       0.     222.25 ]
 [   0.       0.       0.       1.   ]]

-----------------
Joint Angles (1)
-----------------
('move', [0.7853981633974483, 0, 0, 0, 0, 0.019999999999999997])

('The joint values are', [0.785, -0.0, -0.0, 0.0, 0.0, -0.0])

('The joint velocities are', [-0.0, 0.0, -0.0, -0.0, -0.0, -30.0])

Simulation Joint Positions = 
[[   0.       0.       0.   ]
 [   0.       0.      76.2  ]
 [   0.       0.     222.25 ]
 [ 132.459  132.459  222.25 ]
 [ 156.501  156.5    222.25 ]
 [ 180.542  180.542  222.25 ]]
Predicted Joint Positions = 
[[   0.       0.       0.   ]
 [   0.       0.      76.2  ]
 [   0.       0.     222.25 ]
 [ 132.459  132.459  222.25 ]
 [ 156.5    156.5    222.25 ]
 [ 180.542  180.542  222.25 ]]
Simulation T0e =
[[  -0.       0.707    0.707  180.542]
 [   0.      -0.707    0.707  180.542]
 [   1.       0.      -0.     222.25 ]
 [   0.       0.       0.       1.   ]]
Predicted =
[[  -0.       0.707    0.707  180.542]
 [  -0.      -0.707    0.707  180.542]
 [   1.      -0.       0.     222.25 ]
 [   0.       0.       0.       1.   ]]

-----------------
Joint Angles (2)
-----------------
[WARN] [1600827271.876079, 398.153000]: Joint 0 is below the limit -1.4
[WARN] [1600827271.879740, 398.154000]: Joint 4 is above the limit 1.5

('move', array([-1.4     ,  0.      ,  0.785398,  0.      ,  1.5     ,  0.02    ]))

('The joint values are', [-1.4, 0.0, 0.785, 0.0, 1.5, 0.0])

('The joint velocities are', [0.0, -0.0, 0.0, -0.0, 0.0, -30.0])

Simulation Joint Positions = 
[[   0.       0.       0.   ]
 [   0.       0.      76.2  ]
 [   0.      -0.     222.25 ]
 [  22.513 -130.532   89.791]
 [  26.6   -154.224   65.75 ]
 [  30.686 -177.915   41.708]]
Predicted Joint Positions = 
[[   0.       0.       0.   ]
 [   0.       0.      76.2  ]
 [   0.      -0.     222.25 ]
 [   0.    -132.459   89.791]
 [   0.    -156.5     65.75 ]
 [   0.    -180.542   41.708]]
Simulation T0e =
[[  -0.974   -0.19     0.12    30.686]
 [  -0.219    0.683   -0.697 -177.915]
 [   0.05    -0.705   -0.707   41.708]
 [   0.       0.       0.       1.   ]]
Predicted =
[[  -1.       0.       0.      -0.   ]
 [  -0.       0.707   -0.707 -180.542]
 [  -0.      -0.707   -0.707   41.708]
 [   0.       0.       0.       1.   ]]

---------------------------------------------------
Experimental Configuration (1) (0, 0, 0, 1.7, 0, 0)
---------------------------------------------------
('move', [0, 0, 0, 1.7, 0, 0.019999999999999997])

('The joint values are', [0.0, 0.0, -0.0, 1.7, 0.0, -0.0])

('The joint velocities are', [0.0, -0.0, 0.0, -0.0, 0.0, -30.0])

Simulation Joint Positions = 
[[   0.       0.       0.   ]
 [   0.       0.      76.2  ]
 [   0.      -0.     222.25 ]
 [ 187.325   -0.     222.25 ]
 [ 182.945   -0.     188.534]
 [ 178.564   -0.     154.817]]
Predicted Joint Positions = 
[[   0.       0.       0.   ]
 [   0.       0.      76.2  ]
 [   0.       0.     222.25 ]
 [ 187.325    0.     222.25 ]
 [ 182.944    0.     188.533]
 [ 178.564    0.     154.817]]
Simulation T0e =
[[   0.992   -0.      -0.129  178.564]
 [   0.      -1.       0.      -0.   ]
 [  -0.129   -0.      -0.992  154.817]
 [   0.       0.       0.       1.   ]]
Predicted =
[[   0.992   -0.      -0.129  178.564]
 [  -0.      -1.       0.      -0.   ]
 [  -0.129   -0.      -0.992  154.817]
 [   0.       0.       0.       1.   ]]


---------------------------------------------------
Experimental Configuration (2) (0, 1.4, 0, 0, 0, 0)
---------------------------------------------------
('move', [0, 1.4, 0, 0, 0, 0.019999999999999997])

('The joint values are', [0.0, 1.4, -0.0, -0.0, 0.0, 0.0])

('The joint velocities are', [0.0, -0.001, 0.003, -0.009, 0.0, -30.0])

Simulation Joint Positions = 
[[   0.       0.       0.   ]
 [   0.       0.      76.2  ]
 [ 143.926    0.     101.02 ]
 [ 175.762    0.001  -83.58 ]
 [ 181.541    0.001 -117.085]
 [ 187.32     0.001 -150.59 ]]
Predicted Joint Positions = 
[[   0.       0.       0.   ]
 [   0.       0.      76.2  ]
 [ 143.925    0.     101.024]
 [ 175.764    0.     -83.576]
 [ 181.543    0.    -117.081]
 [ 187.322    0.    -150.586]]
Simulation T0e =
[[   0.985    0.       0.17   187.32 ]
 [   0.      -1.       0.       0.001]
 [   0.17     0.      -0.985 -150.59 ]
 [   0.       0.       0.       1.   ]]
Predicted =
[[   0.985   -0.       0.17   187.322]
 [  -0.      -1.       0.      -0.   ]
 [   0.17    -0.      -0.985 -150.586]
 [   0.       0.       0.       1.   ]]

------------------------------------------------------
Experimental Configuration (3) (0, 1.4, -1.8, 0, 0, 0)
------------------------------------------------------
('move', [0, 1.4, -1.8, 0, 0, 0.019999999999999997])

('The joint values are', [-0.0, 1.4, -1.8, 0.0, -0.0, -0.006])

('The joint velocities are', [0.0, 0.001, -0.04, 0.084, -0.0, -30.006])

Simulation Joint Positions = 
[[   0.       0.       0.   ]
 [   0.       0.      76.2  ]
 [ 143.925   -0.     101.022]
 [ 316.464   -0.     173.967]
 [ 347.78    -0.     187.208]
 [ 379.096   -0.     200.449]]
Predicted Joint Positions = 
[[   0.       0.       0.   ]
 [   0.       0.      76.2  ]
 [ 143.925    0.     101.024]
 [ 316.463    0.     173.971]
 [ 347.779    0.     187.212]
 [ 379.095    0.     200.452]]
Simulation T0e =
[[  -0.389   -0.       0.921  379.096]
 [   0.      -1.      -0.      -0.   ]
 [   0.921    0.       0.389  200.449]
 [   0.       0.       0.       1.   ]]
Predicted =
[[  -0.389   -0.       0.921  379.095]
 [  -0.      -1.      -0.      -0.   ]
 [   0.921   -0.       0.389  200.452]
 [   0.       0.       0.       1.   ]]


